3 0 2 0 5 6 6 3 0 3 
6 3 0 0 3 1 5 2 6 6 
7 9 3 6 5 5 1 9 2 3 
3 1 0 9 5 7 8 6 2 9 
0 5 9 1 2 6 2 9 1 8 
3 7 7 3 4 4 6 5 5 0 
4 7 0 7 9 5 3 1 4 6 
2 9 0 6 6 2 9 2 4 8 
3 2 7 3 9 6 3 6 4 1 
0 2 1 2 5 2 4 1 1 6 

3 0 5 5 5 4 6 0 7 2 
4 4 1 6 6 2 0 7 8 3 
2 6 7 2 5 0 8 8 1 3 
7 7 0 7 5 2 6 2 7 5 
9 2 9 1 6 6 1 4 5 2 
2 6 3 7 4 6 2 2 9 5 
5 8 9 3 4 6 3 4 1 4 
5 8 9 2 3 9 7 6 5 9 
8 3 3 9 1 1 4 2 2 9 
0 3 2 1 9 1 3 6 6 9 

0 0 0 0 0 0 0 0 0 0 
163 156 244 151 217 174 237 316 125 185 
145 138 80 127 178 159 126 171 64 145 
159 144 178 159 137 166 159 220 167 126 
218 216 227 263 225 246 221 335 226 208 
200 187 165 222 215 208 189 246 193 159 
144 216 186 232 191 216 211 281 218 166 
199 194 171 189 243 218 217 254 154 176 
99 117 130 136 110 147 142 199 89 107 
164 223 252 255 178 213 224 281 236 231 

0 0 0 0 0 0 0 0 0 0 
3 3 3 3 3 3 3 3 3 3 
4 4 4 4 4 4 4 4 4 4 
5 5 5 5 5 5 5 5 5 5 
6 6 6 6 6 6 6 6 6 6 
3 3 3 3 3 3 3 3 3 3 
4 4 4 4 4 4 4 4 4 4 
5 5 5 5 5 5 5 5 5 5 
6 6 6 6 6 6 6 6 6 6 
3 3 3 3 3 3 3 3 3 3 

